Geneid	description	read01	read02	read03	read04	read05	read06	read07	read08
CG17907	Ace	31.4026929388326	50.7494463743384	19.7454760930877	39.0311326783228	13.8358287752573	13.8370734861485	13.746963276662	11.7698836159669
CG17876	Amy-d	385.664322655038	430.394343290062	420.578640782769	407.875336488473	804.454615932816	844.061482655057	889.624909189695	870.971387581547
CG32031	Argk1	355.242963870544	314.256187164173	361.342212503505	300.539721623086	171.959586206769	141.335822037088	147.28889224995	184.394843316814
CG1759	cad	4.9066707716926	6.8316562426994	6.9109166325807	3.90311326783228	19.765469678939	19.767247837355	19.6385189666599	35.3096508479006
CG8472	Cam	128.554774218346	135.657173962174	137.23105884696	125.875402887591	312.294420927236	270.811295371763	278.866969326571	284.438854052532
CG6871	Cat	155.050796385486	183.47876766107	171.785642009863	175.640097052453	89.9328870391723	81.0457161331553	75.6082980216408	73.5617725997928
CG5855	cni	54.9547126429571	33.1823303216828	63.1855234978807	42.9342459461551	21.7420166468329	15.813798269884	26.5120006049909	24.5205908665976
CG5663	Dip-C	45.1413710995719	62.4608570761088	67.1346187164983	48.7889158479035	31.6247514863024	21.7439726210905	22.5842968116589	28.4438854052532
CG1007	emc	23.5520197041245	19.519017836284	27.6436665303228	35.1280194104905	7.90618787157559	12.8487110942807	8.83733353499697	9.80823634663904
CG17654	Eno	48.0853735625875	44.8937410234532	52.3255116466825	47.8131375309455	185.795414982026	181.858680103666	129.614225179956	188.31813785547
CG3665	Fas2	17.6640147780934	23.4228214035408	27.6436665303228	19.5155663391614	4.94136741973474	9.88362391867748	14.728889224995	6.86576544264733
CG5320	Gdh	15.7013464694163	12.6873615935846	24.6818451163597	21.4671229730776	43.4840332936657	43.4879452421809	39.2770379333199	35.3096508479006
CG2718	Gs1	4.9066707716926	9.759508918142	16.7836546791246	14.6366747543711	21.7420166468329	21.7439726210905	37.3131860366539	31.3863563092449
CG4147	Hsc70-3	104.021420359883	92.715334722349	86.880094809586	94.6504967449328	209.513978596753	209.532827075963	182.638226389937	186.356490586142
CG9078	ifc	174.677479472257	144.440731988502	193.50566571226	140.512077641962	84.0032461354906	71.1620922144779	83.4637056083048	72.5809489651289
CG8695	Mal-A3	70.6560591123734	58.557053508852	65.1600711071895	57.5709207005262	142.311381688361	126.510386159072	111.939558109962	123.583777967652
CG7622	RpL36	722.261937593151	704.636543889853	746.378996318716	753.30086069163	360.719821640636	386.449695220289	384.914971746535	335.441683055055
CG8922	RpS5a	502.443087021322	515.302070877898	533.127854513369	604.982556514004	153.182390011777	138.370734861485	116.849187851627	145.161897930258
CG7939	RpL32	618.240517233267	687.069427837197	667.397091946365	749.397747423798	318.224061830917	311.334153438341	290.650080706567	345.249919401694
CG31783	ninaD	33.3653612475097	23.4228214035408	17.770928483779	30.2491278257002	63.2495029726047	47.4413948096519	58.9155568999798	70.6193016958011
CG12212	peb	33.3653612475097	35.1342321053112	32.5800355535947	31.2249061426583	61.2729560047108	71.1620922144779	53.0240012099818	66.6960071571455
CG1799	ras	5.88800492603112	4.879754459071	4.93636902327193	11.7093398034968	23.7185636147268	21.7439726210905	15.710815173328	17.6548254239503
CG4918	RpLP2	1254.14504924463	1420.98449848148	1449.31794523264	1338.76785086647	715.510002377591	719.527821279721	704.040904954759	688.538191534061
CG31039	Jon99Ci	1782.10282427875	1795.74964093813	1595.43446832149	1678.33870516788	454.605802615596	435.867814813677	407.499268558194	422.734986540143
CG14792	sta	1581.91065679369	1584.94424830626	1579.63808744702	1584.66398673991	388.391479191151	361.740635423596	387.860749591534	367.808862998964
CG2212	sws	11.7760098520622	27.3266249707976	19.7454760930877	11.7093398034968	3.95309393578779	5.93017435120649	6.87348163833098	3.92329453865562
CG4898	Tm1	139.34944991607	153.224290014829	128.34559460507	117.093398034968	294.505498216191	262.904396236821	278.866969326571	260.899086820599
CG9364	Treh	73.600061575389	93.6912856141632	84.9055472002772	78.0622653566456	166.029945303087	191.742304022343	164.963559319944	194.203079663453
CG2960	RpL40	177.621481935272	152.248339123015	141.180154065577	154.172974079375	353.801907253008	338.01993801877	288.686228809901	255.014145012615
CG5271	RpS27A	252.202877665	265.458642573462	233.98389170309	275.169485382176	561.339338881867	525.808792473642	475.252158993171	553.184529950442
CG12008	kst	26.49602216714	18.5430669444698	22.7072975070509	16.5882313882872	55.3433151010291	39.5344956747099	27.4939265533239	54.9261235411786
CG1527	RpS14b	78.5067323470816	80.0279731287644	77.0073567630421	63.4255906022746	110.686630202058	162.091432266311	141.397336559952	139.276956122274
CG4086	Su(P)	10.7946756977237	5.8557053508852	10.8600118511982	7.80622653566456	25.6951105826207	15.813798269884	21.6023708633259	17.6548254239503
CG1171	Akh	12.7573440064008	11.7114107017704	11.8472856558526	7.80622653566456	7.90618787157559	31.6275965397679	27.4939265533239	37.2712981172284
CG5920	RpS2	231.594860423891	252.771280979878	233.98389170309	276.145263699134	474.371272294535	496.157920717609	487.035270373167	492.37346460128
CG8261	Ggamma1	30.4213587844941	27.3266249707976	27.6436665303228	33.1764627765744	59.2964090368169	39.5344956747099	45.1685936233179	45.1178871945396
CG2674	Sam-S	23.5520197041245	27.3266249707976	19.7454760930877	15.6124530713291	8.89446135552254	5.93017435120649	5.89155568999798	4.90411817331952
CG32019	bt	62.8053858776653	72.2203659942508	59.2364282792632	44.8858025800712	29.6482045184085	27.6741469722969	36.3312600883209	13.7315308852947
CG17369	Vha55	196.266830867704	210.805392631867	217.200237023965	183.446323588117	102.780442330483	87.9642528762296	91.3191131949687	93.1782452930709
CG9244	mAcon1	111.872093594591	74.1722677778792	116.498308949218	76.1107087227295	51.3902211652413	56.3366563364616	48.1143714683169	50.0220053678591
CG11154	ATPsynbeta	494.592413786614	550.436302983209	493.636902327193	448.858025800712	119.581091557581	113.661675064791	133.541928973288	125.54542523698
CG8938	GstS1	10.7946756977237	16.5911651608414	18.7582022884333	12.6851181204549	49.4136741973474	25.6974221885614	21.6023708633259	21.5781199626059
CG13389	RpS13	298.32558291891	242.035821169922	242.869355944979	260.532810627805	1071.28845659849	1114.87277802682	1052.62461661297	1043.59634728239
CG2248	Rac1	19.6266830867704	13.6633124853988	17.770928483779	14.6366747543711	27.6716575505146	41.5112204584454	43.2047417266519	43.1562399252118
CG2522	SrpRalpha	39.2533661735408	33.1823303216828	41.4654997954842	46.8373592139874	24.7068370986737	14.8254358780162	20.6204449149929	17.6548254239503
CG4464	RpS19a	549.547126429571	476.26403520533	519.306021248207	483.986045211203	279.681395956986	247.090597966937	260.210376308244	247.167555935304
CG11140	Aldh-III	28.4586904758171	20.4949687280982	26.6563927256684	31.2249061426583	53.3667681331352	47.4413948096519	72.6625201766418	76.5042435037845
CG15095	MFS14	74.5813957297275	72.2203659942508	98.7273804654386	74.1591520888134	43.4840332936657	66.2202802551391	42.2228157783189	35.3096508479006
CG16973	msn	15.7013464694163	7.8076071345136	11.8472856558526	10.7335614865388	39.5309393578779	47.4413948096519	31.4216303466559	47.0795344638674
CG5474	SsRbeta	105.98408866856	99.5469909650484	88.8546424188948	101.480944963639	63.2495029726047	58.3133811201971	59.8974828483128	53.9452999065147
CG7425	eff	47.104039408249	43.917790131639	58.2491544746088	37.0795760444067	69.1791438762864	81.0457161331553	82.4817796599718	94.1590689277348
CG4651	RpL13	443.563037761011	413.803178129221	495.611449936502	443.003355898964	201.607790725177	205.579377508492	194.421337769933	212.838728722067
CG12387	zetaTry	170.752142854902	197.142080146468	183.632927665716	195.155663391614	93.8859809749601	98.8362391867748	94.2648910399677	110.833070717021
CG5820	Gp150	102.058752051206	91.7393838305348	84.9055472002772	85.8684918923102	50.4019476812944	52.3832067689906	59.8974828483128	54.9261235411786
CG32464	mtd	33.3653612475097	39.038035672568	50.3509640373737	29.2733495087421	77.085331747862	81.0457161331553	84.4456315566378	72.5809489651289
CG34073	mt:ATPase6	1382.69982346297	1332.17296732638	1331.83236247877	1333.88895928168	2601.13580974837	2514.39392491155	2661.01931998242	2677.64852263246
CG34069	mt:CoII	4213.8488587296	4186.82932588292	4174.19364607875	4035.81911893858	2073.3977693207	2048.87523834184	2102.30345538095	2098.96257818076
CG34074	mt:CoIII	4186.37150240813	4325.41435252054	4332.15745482345	4391.00242631132	2196.93195481407	2186.25761081146	2101.32152943261	2165.6585853379
CR34094	mt:lrRNA	48171.7309681693	47314.0992351524	48198.7071432271	47569.1929517059	25341.3086753677	25401.901833393	24465.666928665	24510.782630251
CR34077	mt:tRNA:Ala-TGC	58.8800492603112	60.5089552924804	63.1855234978807	48.7889158479035	20.7537431628859	27.6741469722969	31.4216303466559	20.597296327942
CR34078	mt:tRNA:Arg-TCG	67.7120566493579	60.5089552924804	82.9309995909685	85.8684918923102	148.241022592042	173.951780968724	157.10815173328	121.622130698324
CR34080	mt:tRNA:Ser-GCT	449.451042687042	443.081704883647	487.713259499267	441.051799265048	222.361533888063	223.369900562111	239.589931393251	210.877081452739
CG9556	alien	35.3280295561867	35.1342321053112	19.7454760930877	42.9342459461551	6.91791438762864	3.95344956747099	4.90962974166499	5.88494180798343
CG6692	Cp1	145.237454842101	121.017910584961	163.887451572628	142.463634275878	73.1322378120742	70.1737298226101	62.8432606933118	76.5042435037845
CG11001	Fkbp12	29.4400246301556	22.4468705117266	23.6945713117053	21.4671229730776	47.4371272294535	41.5112204584454	49.0962974166499	47.0795344638674
CG11992	Rel	4.9066707716926	8.7835580263278	3.94909521861755	3.90311326783228	17.7889227110451	7.90689913494198	21.6023708633259	13.7315308852947
CG1822	bif	39.2533661735408	27.3266249707976	27.6436665303228	33.1764627765744	15.8123757431512	9.88362391867748	5.89155568999798	14.7123545199586
CG7754	iotaTry	63.7867200320038	63.436807967923	45.4145950141018	59.5224773344423	86.9680665873315	102.789688754246	104.084150523298	96.1207161970626
CG2216	Fer1HCH	1232.55569784918	1288.25517719474	1109.69575643153	1252.89935897416	305.376506539607	313.310878222076	323.053637001556	317.786857631105
CG11783	Hr96	25.5146880128015	29.278526754426	13.8218332651614	29.2733495087421	6.91791438762864	3.95344956747099	9.81925948332997	16.6740017892864
CG6141	RpL9	169.770808700564	184.454718552884	203.378403758804	169.785427150704	403.215581450355	373.600984126009	343.674081916549	396.252748404217
CG5771	Rab11	13.7386781607393	12.6873615935846	23.6945713117053	13.660896437413	33.6012984541963	45.4646700259164	37.3131860366539	21.5781199626059
CG17320	ScpX	33.3653612475097	42.9418392398248	45.4145950141018	39.0311326783228	20.7537431628859	21.7439726210905	22.5842968116589	18.6356490586142
CG8882	eIF3i	54.9547126429571	54.6532499415952	43.440047404793	78.0622653566456	17.7889227110451	18.7788854454872	13.746963276662	13.7315308852947
CG4412	ATPsynCF6	82.4320689644357	107.354598099562	51.3382378420281	81.9653786244779	51.3902211652413	33.6043213235034	42.2228157783189	42.1754162905479
CG5486	Usp47	35.3280295561867	35.1342321053112	47.3891426234105	58.5466990174842	9.88273483946949	10.8719863105452	11.783111379996	7.84658907731123
CG4257	Stat92E	60.8427175689882	42.9418392398248	53.3127854513369	70.2560388209811	106.73353626627	96.8595144030393	111.939558109962	88.2741271197514
CG9985	sktl	23.5520197041245	40.9899374561964	33.5673093582491	39.0311326783228	22.7302901307798	14.8254358780162	19.6385189666599	18.6356490586142
CG5659	ari-1	5.88800492603112	13.6633124853988	8.88546424188948	9.7577831695807	39.5309393578779	43.4879452421809	23.5662227599919	43.1562399252118
CG4083	Mo25	4.9066707716926	10.7354598099562	6.9109166325807	11.7093398034968	27.6716575505146	17.7905230536195	15.710815173328	21.5781199626059
CG6253	RpL14	433.749696217626	439.17790131639	396.884069471063	452.761139068545	238.173909631215	214.474639035301	232.71644975492	202.049668740764
CG8183	Khc-73	23.5520197041245	23.4228214035408	19.7454760930877	19.5155663391614	3.95309393578779	5.93017435120649	8.83733353499697	5.88494180798343
CG1404	Ran	17.6640147780934	27.3266249707976	22.7072975070509	27.321792874826	43.4840332936657	35.5810461072389	66.7709644866438	58.8494180798343
CG9035	Tapdelta	73.600061575389	75.1482186696934	61.210975888572	74.1591520888134	124.522458977316	124.533661375336	123.722669489958	115.737188890341
CG3433	Coprox	7.85067323470816	11.7114107017704	4.93636902327193	16.5882313882872	27.6716575505146	19.767247837355	25.5300746566579	17.6548254239503
CG9124	eIF3h	14.7200123150778	21.4709196199124	11.8472856558526	19.5155663391614	75.1087847799681	47.4413948096519	58.9155568999798	51.002829002523
CG11282	caps	15.7013464694163	13.6633124853988	21.7200237023965	19.5155663391614	8.89446135552254	6.91853674307424	3.92770379333199	7.84658907731123
CG1782	Uba1	31.4026929388326	31.2304285380544	21.7200237023965	23.4186796069937	12.8475552913103	13.8370734861485	11.783111379996	6.86576544264733
CG8098	Picot	33.3653612475097	15.6152142690272	29.6182141396316	24.3944579239518	61.2729560047108	51.3948443771229	47.1324455199839	54.9261235411786
CG17521	RpL10	420.992352211225	417.706981696478	437.362295461893	449.83380411767	885.493041616466	796.620087845405	901.408020569691	898.434449352136
CG17023	Dbp80	43.1787027908949	35.1342321053112	43.440047404793	42.9342459461551	11.8592818073634	8.89526152680973	11.783111379996	7.84658907731123
CG17686	DIP1	19.6266830867704	31.2304285380544	39.4909521861755	31.2249061426583	6.91791438762864	6.91853674307424	9.81925948332997	12.7507072506308
CG8453	Cyp6g1	129.536108372685	140.536928421245	181.658380056407	78.0622653566456	43.4840332936657	28.6625093641647	42.2228157783189	38.2521217518923
CG4199	CG4199	19.6266830867704	18.5430669444698	18.7582022884333	28.297571191784	47.4371272294535	39.5344956747099	53.0240012099818	43.1562399252118
CG2262	Smox	27.4773563214786	27.3266249707976	29.6182141396316	37.0795760444067	158.123757431512	75.1155417819488	133.541928973288	90.2357743890792
CG9038	UBL3	19.6266830867704	31.2304285380544	27.6436665303228	27.321792874826	3.95309393578779	0.988362391867748	2.94577784499899	5.88494180798343
CG14818	CG14818	70.6560591123734	81.9798749123928	110.574666121291	144.415190909794	23.7185636147268	30.6392341479002	25.5300746566579	29.4247090399171
CG7958	tna	29.4400246301556	27.3266249707976	23.6945713117053	23.4186796069937	16.8006492270981	8.89526152680973	9.81925948332997	7.84658907731123
CG8053	eIF1A	24.533353858463	39.038035672568	32.5800355535947	26.3460145578679	73.1322378120742	51.3948443771229	51.0601493133159	54.9261235411786
CG32555	RhoGAPp190	62.8053858776653	39.038035672568	39.4909521861755	39.0311326783228	8.89446135552254	7.90689913494198	2.94577784499899	16.6740017892864
CG10009	Noa36	19.6266830867704	19.519017836284	31.5927617489404	27.321792874826	10.8710083234164	7.90689913494198	8.83733353499697	5.88494180798343
CG4994	Mpcp2	55.9360467972956	43.917790131639	54.3000592559913	64.4013689192327	108.710083234164	126.510386159072	131.578077076622	133.392014314291
CG1836	Rad23	8.83200738904668	2.9278526754426	1.97454760930877	3.90311326783228	13.8358287752573	13.8370734861485	15.710815173328	19.6164726932781
CG2977	Inx7	6.86933908036964	7.8076071345136	5.92364282792632	8.78200485262263	43.4840332936657	19.767247837355	19.6385189666599	47.0795344638674
CG4590	Inx2	35.3280295561867	19.519017836284	29.6182141396316	17.5640097052453	11.8592818073634	16.8021606617517	7.85540758666398	9.80823634663904
CG12233	Idh3a	96.170747125175	68.316562426994	67.1346187164983	74.1591520888134	37.554392389984	43.4879452421809	35.3493341399879	32.3671799439088
CG9634	goe	19.6266830867704	19.519017836284	23.6945713117053	7.80622653566456	5.92964090368169	7.90689913494198	8.83733353499697	1.96164726932781
CG9734	glob1	24.533353858463	18.5430669444698	15.7963808744702	18.5397880222033	39.5309393578779	35.5810461072389	58.9155568999798	43.1562399252118
CG5170	Dp1	43.1787027908949	35.1342321053112	31.5927617489404	54.6435857496519	12.8475552913103	27.6741469722969	25.5300746566579	12.7507072506308
CG14902	Decay	62.8053858776653	58.557053508852	37.5164045768667	60.4982556514004	19.765469678939	32.6159589316357	24.5481487083249	26.4822381359254
CG8801	Non1	270.848226597432	222.516803333638	232.996617898435	273.21792874826	64.2377764565517	60.2901059039326	49.0962974166499	61.791888983826
CG7968	CG7968	70.6560591123734	68.316562426994	59.2364282792632	85.8684918923102	110.686630202058	116.626762240394	115.867261903294	127.507072506308
CG7953	CG7953	1065.72889161163	1098.92070418279	1087.97573272913	1116.29039460003	560.35106539792	542.610953135394	523.366530461488	553.184529950442
CG11405	Atf3	6.86933908036964	6.8316562426994	3.94909521861755	4.87889158479035	19.765469678939	27.6741469722969	51.0601493133159	31.3863563092449
CG8532	lqf	42.1973686365564	45.8696919152674	37.5164045768667	29.2733495087421	71.1556908441803	67.2086426470069	102.120298626632	78.4658907731123
CG4157	Rpn12	7.85067323470816	11.7114107017704	6.9109166325807	8.78200485262263	23.7185636147268	13.8370734861485	13.746963276662	33.3480035785727
CG7762	Rpn1	23.5520197041245	15.6152142690272	37.5164045768667	27.321792874826	8.89446135552254	11.860348702413	4.90962974166499	10.7890599813029
CG6341	eEF1beta	110.890759440253	100.522941856863	103.663749488711	85.8684918923102	442.746520808233	383.484608044686	369.204156573207	360.943097556317
CG15263	CG15263	66.7307224950194	74.1722677778792	78.9819043723509	39.0311326783228	7.90618787157559	17.7905230536195	18.6565930183269	12.7507072506308
CG7631	CG7631	90.2827421991438	74.1722677778792	92.8037376375123	58.5466990174842	49.4136741973474	36.5694084991067	25.5300746566579	32.3671799439088
CG15255	CG15255	115.797430211945	111.258401666819	84.9055472002772	119.044954668885	52.3784946491883	59.3017435120649	40.2589638816529	46.0987108292035
CG1528	gammaCOP	35.3280295561867	50.7494463743384	31.5927617489404	35.1280194104905	12.8475552913103	4.94181195933874	9.81925948332997	12.7507072506308
CG10913	Spn55B	36.3093637105252	29.278526754426	28.6309403349772	28.297571191784	39.5309393578779	45.4646700259164	53.0240012099818	66.6960071571455
CG1696	Dd	23.5520197041245	35.1342321053112	29.6182141396316	27.321792874826	5.92964090368169	12.8487110942807	17.6746670699939	19.6164726932781
CG13365	CG13365	4.9066707716926	6.8316562426994	6.9109166325807	10.7335614865388	11.8592818073634	19.767247837355	15.710815173328	27.4630617705893
CG3564	CHOp24	64.7680541863423	64.4127588597372	65.1600711071895	103.432501597555	46.4488537455066	30.6392341479002	42.2228157783189	25.5014145012615
CG4111	RpL35	361.130968796575	388.428454942052	374.176771964012	368.844203810151	674.002516051819	757.085592170695	710.91438659309	741.502667805912
CG6041	CG6041	47.104039408249	31.2304285380544	37.5164045768667	40.982689312239	19.765469678939	12.8487110942807	22.5842968116589	21.5781199626059
CG3566	CG3566	8.83200738904668	15.6152142690272	13.8218332651614	12.6851181204549	51.3902211652413	51.3948443771229	35.3493341399879	27.4630617705893
CG10695	Pat1	6.86933908036964	8.7835580263278	4.93636902327193	3.90311326783228	23.7185636147268	15.813798269884	23.5662227599919	19.6164726932781
CG3192	ND-ASHI	37.2906978648638	42.9418392398248	51.3382378420281	48.7889158479035	23.7185636147268	18.7788854454872	17.6746670699939	26.4822381359254
CG4607	CG4607	52.9920443342801	40.9899374561964	45.4145950141018	51.7162507987777	100.803895362589	110.696587889188	88.3733353499698	113.775541621013
CG2254	Ldsdh1	88.3200738904668	89.7874820469064	73.0582615444246	71.2318171379391	124.522458977316	164.068157050046	129.614225179956	119.660483428996
CG2257	UbcE2H	41.2160344822178	37.0861338889396	65.1600711071895	37.0795760444067	21.7420166468329	16.8021606617517	25.5300746566579	17.6548254239503
CG15347	CG15347	107.946756977237	113.210303450447	94.7782852468211	101.480944963639	197.65469678939	219.41645099464	223.879116219923	239.320966857993
CG2998	RpS28b	313.045595233988	322.063794298686	332.711272168528	315.176396377457	598.893731271851	569.296737715823	624.504903139786	657.151835224816
CG1751	Spase25	16.6826806237548	9.759508918142	5.92364282792632	14.6366747543711	21.7420166468329	25.6974221885614	23.5662227599919	29.4247090399171
CG1572	CG1572	30.4213587844941	49.7734954825242	42.4527736001386	38.0553543613647	67.2025969083925	69.1853674307424	60.8794087966458	70.6193016958011
CG1578	CG1578	33.3653612475097	21.4709196199124	33.5673093582491	33.1764627765744	19.765469678939	8.89526152680973	14.728889224995	6.86576544264733
CG1681	GstT4	121.685435137976	105.402696315934	124.396499386453	91.7231617940586	57.319862068923	67.2086426470069	52.0420752616489	48.0603580985313
CG10992	CtsB	286.549573066848	245.939624737178	252.742093991523	333.71618439966	142.311381688361	160.114707482575	146.306966301617	131.430367044963
CG10997	Clic	84.3947372731127	78.076071345136	69.109166325807	80.0138219905618	38.542665873931	21.7439726210905	37.3131860366539	38.2521217518923
CG5548	ND-B18	23.5520197041245	19.519017836284	24.6818451163597	16.5882313882872	45.4605802615596	43.4879452421809	35.3493341399879	37.2712981172284
CG9245	Pis	56.9173809516342	39.038035672568	45.4145950141018	42.9342459461551	22.7302901307798	25.6974221885614	22.5842968116589	20.597296327942
CG8206	CG8206	31.4026929388326	42.9418392398248	43.440047404793	39.0311326783228	19.765469678939	21.7439726210905	28.4758525016569	14.7123545199586
CG8952	CG8952	180.565484398288	179.574964093813	227.072975070509	204.913446561195	105.745262782323	99.8246015786425	94.2648910399677	95.1398925623987
CG4239	CG4239	15.7013464694163	23.4228214035408	19.7454760930877	11.7093398034968	2.96482045184085	3.95344956747099	2.94577784499899	1.96164726932781
CG9672	CG9672	265.941555825739	264.482691681648	291.245772373044	258.581253993889	1039.66370511219	1016.03653884004	1044.76920902631	1071.05940905298
CG12991	CG12991	29.4400246301556	36.1101829971254	38.5036783815211	49.7646941648616	55.3433151010291	59.3017435120649	68.7348163833098	76.5042435037845
CG7322	CG7322	7.85067323470816	2.9278526754426	3.94909521861755	4.87889158479035	19.765469678939	27.6741469722969	15.710815173328	23.5397672319337
CG14196	CG14196	7.85067323470816	3.9038035672568	4.93636902327193	7.80622653566456	23.7185636147268	15.813798269884	31.4216303466559	15.6931781546225
CG1532	CG1532	37.2906978648638	40.9899374561964	44.4273212094474	47.8131375309455	90.9211605231193	71.1620922144779	88.3733353499698	103.967305274374
CG11455	ND-15	41.2160344822178	40.9899374561964	31.5927617489404	37.0795760444067	154.170663495724	169.998331401253	188.529782079935	137.315308852947
CG31795	IA-2	74.5813957297275	70.2684642106224	84.9055472002772	89.7716051601425	33.6012984541963	40.5228580665777	40.2589638816529	31.3863563092449
CG12400	ND-B14.5B	86.3574055817897	105.402696315934	94.7782852468211	96.602053378849	148.241022592042	191.742304022343	190.493633976601	215.781199626059
CG8871	Jon25Biii	3840.94188008097	3724.22860316299	3731.89498159358	3883.59770149312	1887.60235433867	2027.13126572075	1900.02671002435	1896.91290943999
CG14032	Cyp4ac1	19.6266830867704	25.3747231871692	29.6182141396316	15.6124530713291	10.8710083234164	6.91853674307424	9.81925948332997	11.7698836159669
CG14023	Ncoa6	15.7013464694163	12.6873615935846	10.8600118511982	8.78200485262263	27.6716575505146	29.6508717560324	15.710815173328	27.4630617705893
CG11034	CG11034	12.7573440064008	17.5671160526556	14.8091070698158	12.6851181204549	31.6247514863024	35.5810461072389	41.2408898299859	39.2329453865562
CG9498	CG9498	46.1227052539104	45.8696919152674	57.2618806699544	55.61936406661	233.23254221148	209.532827075963	192.457485873267	184.394843316814
CG11050	CG11050	11.7760098520622	23.4228214035408	15.7963808744702	39.0311326783228	8.89446135552254	4.94181195933874	12.765037328329	4.90411817331952
CG11266	Caper	25.5146880128015	42.9418392398248	21.7200237023965	27.321792874826	11.8592818073634	8.89526152680973	12.765037328329	10.7890599813029
CG7380	baf	7.85067323470816	7.8076071345136	8.88546424188948	12.6851181204549	21.7420166468329	23.720697404826	15.710815173328	27.4630617705893
CG7424	RpL36A	584.875155985758	564.099615468608	554.847878215765	528.871847791274	272.763481569358	293.543630384721	285.740450964902	332.499212151064
CG9496	Tsp29Fb	80.4694006557586	103.450794532305	94.7782852468211	103.432501597555	53.3667681331352	43.4879452421809	45.1685936233179	40.2137690212201
CG5384	Usp14	35.3280295561867	31.2304285380544	29.6182141396316	39.0311326783228	13.8358287752573	10.8719863105452	18.6565930183269	19.6164726932781
CG12264	Nfs1	31.4026929388326	19.519017836284	15.7963808744702	23.4186796069937	4.94136741973474	5.93017435120649	2.94577784499899	6.86576544264733
CG10413	CG10413	10.7946756977237	4.879754459071	7.89819043723509	14.6366747543711	37.554392389984	21.7439726210905	17.6746670699939	27.4630617705893
CG10165	CG10165	25.5146880128015	27.3266249707976	14.8091070698158	24.3944579239518	57.319862068923	53.3715691608584	49.0962974166499	58.8494180798343
CG9339	sky	10.7946756977237	9.759508918142	16.7836546791246	10.7335614865388	25.6951105826207	37.5577708909744	29.4577784499899	25.5014145012615
CG7843	Ars2	3.92533661735408	5.8557053508852	5.92364282792632	9.7577831695807	35.5778454220901	15.813798269884	23.5662227599919	51.002829002523
CG12837	Tsp42Er	15.7013464694163	8.7835580263278	17.770928483779	14.6366747543711	102.780442330483	75.1155417819488	86.4094834533037	39.2329453865562
CG1882	puml	9.8133415433852	5.8557053508852	13.8218332651614	8.78200485262263	19.765469678939	17.7905230536195	27.4939265533239	17.6548254239503
CG8690	Mal-A8	68.6933908036964	60.5089552924804	61.210975888572	74.1591520888134	26.6833840665676	24.7090597966937	31.4216303466559	26.4822381359254
CG8687	Cyp6a14	31.4026929388326	23.4228214035408	24.6818451163597	26.3460145578679	51.3902211652413	45.4646700259164	49.0962974166499	60.8110653491621
CG8243	CG8243	27.4773563214786	15.6152142690272	25.669118921014	17.5640097052453	11.8592818073634	14.8254358780162	5.89155568999798	7.84658907731123
CG8080	CG8080	2.94400246301556	6.8316562426994	1.97454760930877	4.87889158479035	7.90618787157559	23.720697404826	27.4939265533239	27.4630617705893
CG9084	CG9084	13.7386781607393	5.8557053508852	9.87273804654386	4.87889158479035	25.6951105826207	13.8370734861485	29.4577784499899	17.6548254239503
CG8857	RpS11	1250.21971262727	1192.61198979695	1277.53230322278	1272.41492531332	643.366038049464	627.61011883602	654.944607538109	619.880537107588
CG12374	CG12374	4160.85681439532	3956.50491541477	4093.23719409709	4031.91600567075	2019.04272770362	2031.08471528822	1963.85189666599	2043.05563100491
CG17574	CG17574	98.133415433852	81.9798749123928	90.8291900282035	128.802737838465	30.6364780023554	22.7323350129582	23.5662227599919	28.4438854052532
CG3850	sug	7.85067323470816	7.8076071345136	5.92364282792632	8.78200485262263	13.8358287752573	15.813798269884	31.4216303466559	11.7698836159669
CG13325	CG13325	35.3280295561867	66.3646606433656	59.2364282792632	62.4498122853165	12.8475552913103	10.8719863105452	12.765037328329	3.92329453865562
CG8314	CG8314	21.5893513954474	23.4228214035408	35.5418569675579	31.2249061426583	8.89446135552254	12.8487110942807	9.81925948332997	13.7315308852947
CG8315	Pex11ab	11.7760098520622	12.6873615935846	13.8218332651614	18.5397880222033	47.4371272294535	47.4413948096519	58.9155568999798	58.8494180798343
CG8405	CG8405	13.7386781607393	13.6633124853988	23.6945713117053	33.1764627765744	13.8358287752573	7.90689913494198	6.87348163833098	5.88494180798343
CG8311	CG8311	31.4026929388326	35.1342321053112	15.7963808744702	19.5155663391614	8.89446135552254	4.94181195933874	5.89155568999798	6.86576544264733
CG5065	CG5065	51.029376025603	83.9317766960212	67.1346187164983	58.5466990174842	30.6364780023554	46.4530324177842	25.5300746566579	49.0411817331952
CG5767	CG5767	92.2454105078209	95.6431873977916	78.9819043723509	95.6262750618909	40.5192128418249	38.5461332828422	43.2047417266519	50.0220053678591
CG15094	MFS15	11.7760098520622	11.7114107017704	15.7963808744702	23.4186796069937	2.96482045184085	4.94181195933874	6.87348163833098	4.90411817331952
CG15096	CG15096	88.3200738904668	80.0279731287644	75.0328091537334	78.0622653566456	39.5309393578779	38.5461332828422	35.3493341399879	29.4247090399171
CG15098	CG15098	24.533353858463	22.4468705117266	25.669118921014	20.4913446561195	51.3902211652413	43.4879452421809	60.8794087966458	41.194592655884
CG9350	ND-B14.7	119.722766829299	150.296437339387	163.887451572628	130.754294472381	57.319862068923	69.1853674307424	62.8432606933118	69.6384780611372
CG9394	CG9394	149.162791459455	93.6912856141632	94.7782852468211	113.190284767136	30.6364780023554	32.6159589316357	30.4397043983229	25.5014145012615
CG13492	CG13492	42.1973686365564	50.7494463743384	47.3891426234105	49.7646941648616	104.756989298377	106.743138321717	84.4456315566378	90.2357743890792
CG6018	gas	60.8427175689882	60.5089552924804	43.440047404793	64.4013689192327	23.7185636147268	39.5344956747099	34.3674081916549	32.3671799439088
CG13565	Orcokinin	3.92533661735408	6.8316562426994	3.94909521861755	7.80622653566456	39.5309393578779	35.5810461072389	19.6385189666599	39.2329453865562
CG11414	CG11414	5.88800492603112	1.9519017836284	4.93636902327193	6.83044821870649	27.6716575505146	7.90689913494198	7.85540758666398	19.6164726932781
CG13907	CG13907	18.6453489324319	16.5911651608414	23.6945713117053	19.5155663391614	27.6716575505146	23.720697404826	56.9517050033138	39.2329453865562
CG9153	Herc4	39.2533661735408	23.4228214035408	15.7963808744702	11.7093398034968	5.92964090368169	9.88362391867748	1.96385189666599	2.94247090399171
CG14981	mge	11.7760098520622	23.4228214035408	35.5418569675579	31.2249061426583	4.94136741973474	8.89526152680973	5.89155568999798	7.84658907731123
CG5150	Alp9	192.34149425035	160.055946257529	138.218332651614	136.60896437413	44.4723067776127	37.5577708909744	45.1685936233179	36.2904744825645
CG6580	Jon65Aii	260.053550899708	222.516803333638	210.289320391384	232.235239436021	462.511990487172	506.041544636287	479.179862786503	510.02829002523
CG8582	Sh3beta	98.133415433852	81.9798749123928	94.7782852468211	66.3529255531488	22.7302901307798	15.813798269884	14.728889224995	16.6740017892864
CG7188	BI-1	29.4400246301556	29.278526754426	45.4145950141018	33.1764627765744	17.7889227110451	7.90689913494198	6.87348163833098	9.80823634663904
CG6822	ergic53	24.533353858463	12.6873615935846	18.7582022884333	15.6124530713291	75.1087847799681	122.556936591601	78.5540758666398	66.6960071571455
CG5804	Acbp5	973.483481103812	942.768561492518	897.431888430837	905.522278137089	1765.05644232925	1931.26011370958	1771.39441079273	1904.7594985173
CG3654	Jarid2	25.5146880128015	13.6633124853988	19.7454760930877	15.6124530713291	4.94136741973474	6.91853674307424	8.83733353499697	6.86576544264733
CG4300	Sms	17.6640147780934	9.759508918142	10.8600118511982	5.85466990174842	29.6482045184085	27.6741469722969	21.6023708633259	17.6548254239503
CG17035	GXIVsPLA2	11.7760098520622	19.519017836284	15.7963808744702	15.6124530713291	11.8592818073634	5.93017435120649	2.94577784499899	3.92329453865562
CG4729	Agpat3	24.533353858463	24.398772295355	29.6182141396316	26.3460145578679	63.2495029726047	75.1155417819488	62.8432606933118	60.8110653491621
CG9674	CG9674	30.4213587844941	39.038035672568	19.7454760930877	31.2249061426583	86.9680665873315	83.0224409168908	94.2648910399677	74.5425962344567
CG6896	MYPT-75D	33.3653612475097	19.519017836284	30.605487944286	20.4913446561195	59.2964090368169	63.2551930795359	62.8432606933118	54.9261235411786
CG4120	Cyp12c1	31.4026929388326	15.6152142690272	21.7200237023965	33.1764627765744	9.88273483946949	11.860348702413	9.81925948332997	13.7315308852947
CG6852	Grx1	62.8053858776653	66.3646606433656	78.9819043723509	64.4013689192327	28.6599310344615	33.6043213235034	36.3312600883209	31.3863563092449
CG6846	RpL26	567.211141207664	540.676794065067	548.924235387839	569.854537103513	261.892473245941	247.090597966937	292.613932603233	275.611441340557
CG14075	CG14075	29.4400246301556	21.4709196199124	23.6945713117053	42.9342459461551	7.90618787157559	20.7556102292227	17.6746670699939	12.7507072506308
CG7654	Tom20	39.2533661735408	40.9899374561964	49.3636902327193	44.8858025800712	24.7068370986737	20.7556102292227	17.6746670699939	14.7123545199586
CG6981	Ssk	65.7493883406808	69.2925133188082	75.0328091537334	68.3044821870649	150.217569559936	150.231083563898	166.92741121661	153.008487007569
CG6020	ND-39	163.882803774533	171.767356959299	145.129249284195	134.657407740214	549.480057074503	549.529489878468	577.372457619802	588.494180798343
CG12974	CG12974	66.7307224950194	62.4608570761088	62.1982496932263	68.3044821870649	140.334834720467	154.184533131369	119.794965696626	133.392014314291
CG7611	CG7611	25.5146880128015	19.519017836284	19.7454760930877	15.6124530713291	86.9680665873315	134.417285294014	90.3371872466357	43.1562399252118
CG7172	CRIF	19.6266830867704	21.4709196199124	21.7200237023965	21.4671229730776	5.92964090368169	8.89526152680973	7.85540758666398	2.94247090399171
CG1129	CG1129	15.7013464694163	14.639263377213	14.8091070698158	20.4913446561195	31.6247514863024	39.5344956747099	23.5662227599919	31.3863563092449
CG2931	CG2931	41.2160344822178	31.2304285380544	23.6945713117053	23.4186796069937	21.7420166468329	14.8254358780162	10.801185431663	11.7698836159669
CG12171	CG12171	47.104039408249	56.6051517252236	35.5418569675579	42.9342459461551	14.8241022592042	21.7439726210905	31.4216303466559	29.4247090399171
CG1213	CG1213	135.424113298716	160.055946257529	152.040165916775	132.705851106298	78.0736052318089	81.0457161331553	72.6625201766418	73.5617725997928
CG2943	EMC1	5.88800492603112	5.8557053508852	7.89819043723509	3.90311326783228	15.8123757431512	15.813798269884	13.746963276662	25.5014145012615
CG11963	ScsbetaA	18.6453489324319	7.8076071345136	15.7963808744702	7.80622653566456	23.7185636147268	31.6275965397679	33.3854822433219	37.2712981172284
CG11975	CG11975	11.7760098520622	27.3266249707976	31.5927617489404	11.7093398034968	2.96482045184085	0	3.92770379333199	1.96164726932781
CG4800	Tctp	170.752142854902	171.767356959299	165.861999181937	130.754294472381	94.8742544589071	88.9526152680973	84.4456315566378	86.3124798504236
CG6764	RpL24-like	53.9733784886186	44.8937410234532	65.1600711071895	54.6435857496519	122.545912009422	100.81296397051	88.3733353499698	109.852247082357
CG14704	PGRP-LB	23.5520197041245	46.8456428070816	69.109166325807	58.5466990174842	24.7068370986737	27.6741469722969	22.5842968116589	23.5397672319337
CG14716	Ho	2.94400246301556	4.879754459071	2.96182141396316	4.87889158479035	27.6716575505146	27.6741469722969	15.710815173328	43.1562399252118
CG6908	CG6908	22.570685549786	25.3747231871692	22.7072975070509	20.4913446561195	59.2964090368169	53.3715691608584	47.1324455199839	56.8877708105065
CG18547	CG18547	63.7867200320038	77.1001204533218	68.1218925211527	63.4255906022746	138.358287752573	171.975056184988	172.818966906607	111.813894351685
CG9286	CG9286	11.7760098520622	23.4228214035408	19.7454760930877	15.6124530713291	4.94136741973474	3.95344956747099	1.96385189666599	1.96164726932781
CG3050	Cyp6d5	144.256120687762	134.68122307036	150.065618307467	152.221417445459	343.919172413538	276.741469722969	284.758525016569	280.515559513877
CG5399	CG5399	771.328645310077	852.981079445611	738.480805881481	735.736850986385	408.15694887009	388.426420004025	341.710230019883	421.754162905479
CG4562	CG4562	133.461444990039	111.258401666819	124.396499386453	158.076087347207	69.1791438762864	68.1970050388746	60.8794087966458	72.5809489651289
CG4783	CG4783	118.741432674961	113.210303450447	131.307416019033	143.439412592836	266.833840665676	276.741469722969	269.047709843241	215.781199626059
CG17838	Syp	149.162791459455	97.59508918142	122.421951777144	89.7716051601425	28.6599310344615	36.5694084991067	31.4216303466559	30.405532674581
CG17272	CG17272	41.2160344822178	29.278526754426	33.5673093582491	39.0311326783228	9.88273483946949	14.8254358780162	15.710815173328	15.6931781546225
CG5630	hdly	25.5146880128015	17.5671160526556	18.7582022884333	23.4186796069937	39.5309393578779	35.5810461072389	41.2408898299859	31.3863563092449
CG13849	Nop56	31.4026929388326	11.7114107017704	23.6945713117053	39.0311326783228	12.8475552913103	14.8254358780162	10.801185431663	10.7890599813029
CG7048	Pfdn5	2.94400246301556	4.879754459071	6.9109166325807	5.85466990174842	15.8123757431512	17.7905230536195	13.746963276662	17.6548254239503
CG5315	AdipoR	62.8053858776653	42.9418392398248	67.1346187164983	58.5466990174842	11.8592818073634	17.7905230536195	20.6204449149929	7.84658907731123
CG11853	to	51.029376025603	52.7013481579668	82.9309995909685	62.4498122853165	42.4957598097188	43.4879452421809	36.3312600883209	39.2329453865562
CG11878	CG11878	210.005509028443	224.468705117266	191.531118102951	208.816559829027	115.627997621793	96.8595144030393	87.3914094016367	101.024834370382
CG4685	Ssadh	54.9547126429571	52.7013481579668	69.109166325807	56.5951423835681	35.5778454220901	33.6043213235034	41.2408898299859	36.2904744825645
CG4759	RpL27	364.074971259591	362.077780863068	383.062236205902	361.037977274486	760.97058263915	719.527821279721	720.73364607642	702.269722419356
CG6295	CG6295	391.552327581069	388.428454942052	358.380391089542	365.916868859276	822.243538643861	729.411445198398	824.817796599718	792.505496808435
CG6283	CG6283	71.637393266712	66.3646606433656	57.2618806699544	68.3044821870649	118.592818073634	106.743138321717	145.325040353284	113.775541621013
CG5634	dsd	188.416157632996	171.767356959299	191.531118102951	130.754294472381	87.9563400712784	74.1271793900811	83.4637056083048	79.4467144077763
CG5590	Hsdl2	65.7493883406808	60.5089552924804	80.9564519816597	57.5709207005262	173.936133174663	185.812129671137	113.903410006628	153.008487007569
CG2304	Trc8	19.6266830867704	27.3266249707976	13.8218332651614	21.4671229730776	4.94136741973474	3.95344956747099	11.783111379996	13.7315308852947
CG7920	CG7920	51.029376025603	29.278526754426	41.4654997954842	39.0311326783228	19.765469678939	18.7788854454872	23.5662227599919	20.597296327942
CG1883	RpS7	2602.49817730575	2357.89735462311	2456.33722598011	2271.61192187839	599.882004755798	583.133811201971	556.752012704809	605.168182587629
CG15534	CG15534	31.4026929388326	50.7494463743384	29.6182141396316	54.6435857496519	23.7185636147268	20.7556102292227	26.5120006049909	18.6356490586142
CG18030	Jon99Fi	78.5067323470816	82.955825804207	85.8928210049316	93.6747184279748	171.959586206769	197.67247837355	208.168301046595	160.85507608488
CG1746	ATPsynC	571.136477825019	640.223785030115	695.040758476688	630.352792754913	296.482045184085	334.066488451299	321.08978510489	336.422506689719
CG11340	pHCl-2	21.5893513954474	21.4709196199124	37.5164045768667	17.5640097052453	10.8710083234164	9.88362391867748	5.89155568999798	11.7698836159669
CG1890	CG1890	5.88800492603112	2.9278526754426	5.92364282792632	3.90311326783228	19.765469678939	19.767247837355	15.710815173328	9.80823634663904
CG18001	RpL38	684.971239728287	731.96316886065	669.371639555674	714.269728013308	332.059890606175	345.926837153712	347.601785709881	367.808862998964
CG9256	Nhe2	23.5520197041245	31.2304285380544	35.5418569675579	40.982689312239	10.8710083234164	16.8021606617517	18.6565930183269	18.6356490586142
CG1862	Ephrin	23.5520197041245	27.3266249707976	15.7963808744702	23.4186796069937	5.92964090368169	2.96508717560324	1.96385189666599	5.88494180798343
CG15127	CG15127	20.6080172411089	26.3506740789834	27.6436665303228	29.2733495087421	57.319862068923	61.2784682958004	49.0962974166499	52.9644762718508
CG13315	CG13315	370.944310339961	478.215936988958	458.095045359635	466.422035505958	250.033191438578	225.346625345847	231.734523806587	232.455201415345
CG18748	CG18748	37.2906978648638	46.8456428070816	25.669118921014	52.6920291157358	18.777196194992	25.6974221885614	17.6746670699939	24.5205908665976
CG18815	Apt1	21.5893513954474	14.639263377213	27.6436665303228	27.321792874826	51.3902211652413	43.4879452421809	35.3493341399879	29.4247090399171
CG7913	wrd	13.7386781607393	12.6873615935846	11.8472856558526	5.85466990174842	25.6951105826207	27.6741469722969	23.5662227599919	15.6931781546225
CG30000	GstT1	7.85067323470816	5.8557053508852	6.9109166325807	7.80622653566456	35.5778454220901	11.860348702413	27.4939265533239	19.6164726932781
CG30339	CG30339	16.6826806237548	12.6873615935846	10.8600118511982	9.7577831695807	25.6951105826207	31.6275965397679	23.5662227599919	29.4247090399171
CG31041	CG31041	41.2160344822178	40.9899374561964	55.2873330606456	40.982689312239	25.6951105826207	24.7090597966937	23.5662227599919	15.6931781546225
CG31266	CG31266	69.6747249580349	75.1482186696934	55.2873330606456	89.7716051601425	268.81038763357	308.369066262737	239.589931393251	274.630617705893
CG31363	Jupiter	19.6266830867704	27.3266249707976	43.440047404793	35.1280194104905	10.8710083234164	5.93017435120649	9.81925948332997	8.82741271197514
CG31956	Pgant4	25.5146880128015	29.278526754426	49.3636902327193	48.7889158479035	22.7302901307798	17.7905230536195	13.746963276662	15.6931781546225
CG32066	CG32066	12.7573440064008	9.759508918142	15.7963808744702	16.5882313882872	31.6247514863024	17.7905230536195	39.2770379333199	33.3480035785727
CG32284	CG32284	25.5146880128015	24.398772295355	37.5164045768667	34.1522410935325	43.4840332936657	55.3482939445939	76.5902239699738	54.9261235411786
CG32441	EMC10	52.0107101799416	40.0139865643822	53.3127854513369	48.7889158479035	193.701602853602	229.300074913318	168.891263113276	149.085192468913
CG32446	Atox1	25.5146880128015	29.278526754426	29.6182141396316	21.4671229730776	10.8710083234164	14.8254358780162	9.81925948332997	11.7698836159669
CG32473	CG32473	102.058752051206	72.2203659942508	112.5492137306	93.6747184279748	48.4254007134005	47.4413948096519	44.1866676749849	58.8494180798343
CG32483	CG32483	137.386781607393	167.863553392042	169.811094400554	120.996511302801	42.4957598097188	36.5694084991067	38.2951119849869	31.3863563092449
CG32672	Atg8a	117.760098520622	117.114107017704	124.396499386453	152.221417445459	64.2377764565517	60.2901059039326	57.9336309516468	43.1562399252118
CG32676	stx	22.570685549786	23.4228214035408	21.7200237023965	19.5155663391614	43.4840332936657	49.4181195933874	25.5300746566579	41.194592655884
CG33346	CG33346	147.200123150778	136.633124853988	152.040165916775	150.269860811543	80.0501521997028	95.8711520111716	90.3371872466357	69.6384780611372
CG33965	CG33965	45.1413710995719	42.9418392398248	45.4145950141018	23.4186796069937	18.777196194992	16.8021606617517	21.6023708633259	25.5014145012615
CR33940	hpRNA:CR33940	15.7013464694163	23.4228214035408	13.8218332651614	13.660896437413	6.91791438762864	9.88362391867748	3.92770379333199	5.88494180798343
CG17534	GstE9	40.2347003278793	36.1101829971254	41.4654997954842	35.1280194104905	88.9446135552254	79.0689913494198	92.3010391433017	80.4275380424402
CG31094	LpR1	10.7946756977237	13.6633124853988	12.834559460507	9.7577831695807	15.8123757431512	23.720697404826	29.4577784499899	29.4247090399171
CG41128	CG41128	124.629437600992	140.536928421245	116.498308949218	87.8200485262263	266.833840665676	254.997497101879	221.915264323257	276.592264975221
CG15304	Neb-cGP	79.4880665014201	81.9798749123928	106.625570902674	107.335614865388	189.748508917814	195.695753589814	168.891263113276	174.586606970175
CG34198	CG34198	231.594860423891	206.90158906461	150.065618307467	101.480944963639	29.6482045184085	37.5577708909744	36.3312600883209	58.8494180798343
CG34250	CG34250	11.7760098520622	35.1342321053112	15.7963808744702	11.7093398034968	3.95309393578779	10.8719863105452	5.89155568999798	6.86576544264733
CG34288	CG34288	40.2347003278793	62.4608570761088	56.2746068653	61.4740339683584	189.748508917814	241.160423615731	239.589931393251	223.62778870337
CG6084	Akr1B	28.4586904758171	31.2304285380544	19.7454760930877	29.2733495087421	35.5778454220901	39.5344956747099	51.0601493133159	72.5809489651289
CG9539	Sec61alpha	84.3947372731127	58.557053508852	73.0582615444246	83.9169352583941	34.5895719381432	44.4763076340487	33.3854822433219	31.3863563092449
CG6684	RpS25	503.424421175661	485.047593231658	457.107771554981	487.889158479035	915.141246134874	885.572703113502	832.673204186382	921.97421658407
CG15261	UK114	64.7680541863423	51.7253972661526	60.2237020839176	57.5709207005262	102.780442330483	92.9060648355683	129.614225179956	98.0823634663904
CG10711	Vps36	15.7013464694163	15.6152142690272	17.770928483779	21.4671229730776	3.95309393578779	3.95344956747099	9.81925948332997	1.96164726932781
CG4169	UQCR-C2	60.8427175689882	51.7253972661526	70.0964401304614	71.2318171379391	122.545912009422	142.324184428956	119.794965696626	141.238603391602
CG30415	roh	95.1894129708364	93.6912856141632	106.625570902674	82.941156941436	160.100304399406	175.928505752459	159.072003629946	151.046839738241
CG42253	Ndae1	43.1787027908949	68.316562426994	45.4145950141018	66.3529255531488	39.5309393578779	28.6625093641647	17.6746670699939	19.6164726932781
CG42276	Pde9	18.6453489324319	17.5671160526556	13.8218332651614	22.4429012900356	39.5309393578779	35.5810461072389	37.3131860366539	21.5781199626059
CG42278	corn	43.1787027908949	15.6152142690272	39.4909521861755	31.2249061426583	6.91791438762864	5.93017435120649	4.90962974166499	8.82741271197514
CG42309	Mlp60A	103.040086205545	103.450794532305	122.421951777144	130.754294472381	251.021464922525	241.160423615731	243.517635186583	313.863563092449
CG3333	Nop60B	39.2533661735408	42.9418392398248	47.3891426234105	44.8858025800712	19.765469678939	20.7556102292227	23.5662227599919	14.7123545199586
CG17100	cwo	15.7013464694163	20.4949687280982	13.8218332651614	15.6124530713291	23.7185636147268	35.5810461072389	27.4939265533239	33.3480035785727
CG12163	CtsF	14.7200123150778	23.4228214035408	14.8091070698158	14.6366747543711	45.4605802615596	29.6508717560324	31.4216303466559	41.194592655884
CG3971	Baldspot	82.4320689644357	87.835580263278	79.9691781770053	85.8684918923102	363.684642092477	351.857011504918	333.854822433219	313.863563092449
CG33174	inaE	43.1787027908949	31.2304285380544	15.7963808744702	15.6124530713291	6.91791438762864	5.93017435120649	3.92770379333199	3.92329453865562
CG8522	SREBP	17.6640147780934	14.639263377213	12.834559460507	13.660896437413	29.6482045184085	37.5577708909744	31.4216303466559	31.3863563092449
CG1089	alpha-Est5	8.83200738904668	11.7114107017704	16.7836546791246	11.7093398034968	31.6247514863024	39.5344956747099	54.9878531066478	58.8494180798343
CG10392	sxc	27.4773563214786	27.3266249707976	27.6436665303228	35.1280194104905	6.91791438762864	6.91853674307424	5.89155568999798	5.88494180798343
CG10072	sgl	3.92533661735408	6.8316562426994	9.87273804654386	2.92733495087421	27.6716575505146	35.5810461072389	27.4939265533239	23.5397672319337
CG42714	CG42714	21.5893513954474	21.4709196199124	23.6945713117053	19.5155663391614	4.94136741973474	8.89526152680973	7.85540758666398	8.82741271197514
CG18009	Trf2	29.4400246301556	37.0861338889396	21.7200237023965	13.660896437413	9.88273483946949	8.89526152680973	11.783111379996	12.7507072506308
CG31605	Bsg	106.965422822899	81.9798749123928	104.651023293365	85.8684918923102	391.356299642992	450.693250691693	428.119713473187	380.559570249595
CG4399	east	13.7386781607393	10.7354598099562	15.7963808744702	14.6366747543711	31.6247514863024	39.5344956747099	17.6746670699939	37.2712981172284
CG40127	RNASEK	161.920135465856	141.512879313059	158.951082549356	154.172974079375	300.435139119872	330.113038883828	357.421045193211	335.441683055055
CG42595	uex	39.2533661735408	56.6051517252236	49.3636902327193	39.0311326783228	27.6716575505146	28.6625093641647	26.5120006049909	26.4822381359254
CG42872	MtnE	62.8053858776653	81.9798749123928	74.045535349079	88.7958268431844	179.865774078345	156.161257915104	168.891263113276	151.046839738241
CG4699	nsl1	27.4773563214786	42.9418392398248	35.5418569675579	23.4186796069937	11.8592818073634	8.89526152680973	10.801185431663	9.80823634663904
CG4429	eIF4H1	37.2906978648638	32.2063794298686	43.440047404793	32.2006844596163	98.8273483946949	67.2086426470069	80.5179277633058	60.8110653491621
CG43286	cnc	51.029376025603	40.9899374561964	77.0073567630421	52.6920291157358	18.777196194992	29.6508717560324	25.5300746566579	21.5781199626059
CG9232	Galt	86.3574055817897	97.59508918142	75.0328091537334	70.2560388209811	22.7302901307798	16.8021606617517	21.6023708633259	27.4630617705893
CG16996	Phae1	120.704100983638	112.234352558633	101.689201879402	100.505166646681	211.490525564647	209.532827075963	210.132152943261	223.62778870337
CG16997	Phae2	215.893513954474	226.420606900894	203.378403758804	216.622786364692	102.780442330483	75.1155417819488	111.939558109962	95.1398925623987
CG43398	scrib	20.6080172411089	18.5430669444698	24.6818451163597	31.2249061426583	51.3902211652413	31.6275965397679	51.0601493133159	39.2329453865562
CG16901	sqd	81.4507348100972	97.59508918142	85.8928210049316	98.5536100127651	179.865774078345	179.88195531993	184.602078286603	178.509901508831
CG3762	Vha68-2	98.133415433852	105.402696315934	100.701928074747	115.141841401052	59.2964090368169	57.3250187283294	54.9878531066478	57.8685944451704
CG7181	COX8	85.3760714274512	83.9317766960212	78.9819043723509	74.1591520888134	154.170663495724	138.370734861485	170.855115009941	151.046839738241
CG43162	jvl	11.7760098520622	18.5430669444698	13.8218332651614	12.6851181204549	21.7420166468329	21.7439726210905	27.4939265533239	39.2329453865562
CG43770	Sxl	29.4400246301556	46.8456428070816	21.7200237023965	27.321792874826	10.8710083234164	15.813798269884	22.5842968116589	9.80823634663904
CG18389	Eip93F	74.5813957297275	91.7393838305348	88.8546424188948	93.6747184279748	44.4723067776127	58.3133811201971	41.2408898299859	47.0795344638674
CG44008	CG44008	157.013464694163	148.344535555758	140.192880260923	146.366747543711	276.716575505146	300.462167127795	286.722376913235	274.630617705893
CG44167	St3	15.7013464694163	7.8076071345136	10.8600118511982	12.6851181204549	21.7420166468329	33.6043213235034	33.3854822433219	15.6931781546225
CG6103	CrebB	31.4026929388326	19.519017836284	39.4909521861755	19.5155663391614	9.88273483946949	5.93017435120649	4.90962974166499	3.92329453865562
CG45050	CG45050	92.2454105078209	122.969812368589	92.8037376375123	130.754294472381	63.2495029726047	62.2668306876681	57.9336309516468	53.9452999065147
CG45076	CG45076	4.9066707716926	4.879754459071	4.93636902327193	9.7577831695807	35.5778454220901	23.720697404826	31.4216303466559	39.2329453865562
CG9159	Kr-h2	11.7760098520622	9.759508918142	7.89819043723509	8.78200485262263	43.4840332936657	55.3482939445939	74.6263720733078	58.8494180798343
CG6375	pit	15.7013464694163	23.4228214035408	15.7963808744702	35.1280194104905	7.90618787157559	3.95344956747099	8.83733353499697	2.94247090399171
CG4264	Hsc70-4	113.834761903268	97.59508918142	146.116523088849	132.705851106298	53.3667681331352	53.3715691608584	52.0420752616489	65.7151835224816
CG34360	Glut4EF	35.3280295561867	25.3747231871692	29.6182141396316	21.4671229730776	12.8475552913103	9.88362391867748	14.728889224995	8.82741271197514
CG7070	PyK	72.6187274210505	74.1722677778792	77.0073567630421	56.5951423835681	28.6599310344615	36.5694084991067	20.6204449149929	34.3288272132367
CR45845	pre-rRNA:CR45845	9.8133415433852	19.519017836284	19.7454760930877	13.660896437413	51.3902211652413	47.4413948096519	51.0601493133159	51.002829002523
CG46149	Fatp1	32.3840270931712	30.2544776462402	30.605487944286	28.297571191784	154.170663495724	134.417285294014	149.252744146616	117.698836159669
CR34335	lncRNA:CR34335	3707.48043509093	3600.28283990259	3668.7094580957	3650.38668374014	7605.75273245572	7568.87919692321	7582.4321730274	7477.79939067761
CG5269	vib	96.170747125175	95.6431873977916	77.0073567630421	74.1591520888134	32.6130249702493	38.5461332828422	45.1685936233179	45.1178871945396
CG3140	Ak2	23.5520197041245	13.6633124853988	17.770928483779	19.5155663391614	7.90618787157559	6.91853674307424	3.92770379333199	7.84658907731123
CG12052	lola	45.1413710995719	33.1823303216828	61.210975888572	33.1764627765744	17.7889227110451	24.7090597966937	23.5662227599919	22.5589435972698
CG34412	Tlk	29.4400246301556	33.1823303216828	29.6182141396316	27.321792874826	14.8241022592042	16.8021606617517	10.801185431663	9.80823634663904
CG2934	VhaAC39-1	43.1787027908949	52.7013481579668	47.3891426234105	48.7889158479035	94.8742544589071	116.626762240394	90.3371872466357	107.890599813029
CG15442	RpL27A	1526.95594415074	1555.66572155184	1563.84170657255	1477.32837187452	729.345831152848	738.306706725208	780.631128924733	694.423133342044
CG2746	RpL19	404.30967158747	376.717044240281	372.202224354704	405.923779854557	739.228565992317	751.155417819488	809.10698142639	757.195845960534
CG46385	CG46385	80.4694006557586	83.9317766960212	104.651023293365	62.4498122853165	45.4605802615596	37.5577708909744	41.2408898299859	34.3288272132367
CG6988	Pdi	47.104039408249	50.7494463743384	37.5164045768667	41.958467629197	79.0618787157559	112.673312672923	68.7348163833098	92.197421658407
